0.850405660062 0.00264253950174
0.857703262787 0.00262713072996
0.87516646373 0.00259533796464
0.886265930849 0.00255776203797
0.878790061943 0.00255935619179
0.863062558889 0.00257726192356
0.84650077011 0.00260191314772
0.829600644414 0.00261927815121
0.829319352675 0.0026253652558
0.834559886618 0.00262083679232
0.853598222944 0.00257987287806
0.875938048937 0.00258088434553
0.877294347216 0.00256041262516
0.868730194013 0.0026030782171
0.858258961502 0.00260806650055
0.853922544451 0.0026004809116
0.857556961577 0.00259188044293
0.864438036151 0.00258121323612
0.874684038563 0.0025741109485
0.897350644906 0.00252187777971
0.91061045225 0.00249495690212
0.905584329493 0.00250072563091
0.900788600406 0.00251518412828
0.890832741572 0.00252695478173
0.883897326548 0.0025265995536
