0.865443949179 0.0026632926192
0.876555218749 0.00262582219432
0.887037024287 0.00249517900184
0.887759432617 0.0025251388315
0.875594302564 0.00262832964383
0.862350723589 0.00265909142865
0.855803314128 0.0026729986324
0.857180020812 0.00267429584442
0.866254630003 0.00265779080438
0.874157354205 0.00263091484215
0.88338514937 0.00259360737128
0.88676704323 0.00253954028107
0.889494884621 0.00247300709507
0.890982239279 0.00246269261406
0.884311149972 0.00249536366789
0.875345467564 0.00250421565749
0.867632566108 0.00247548039678
0.875122696309 0.00244518785987
0.87455667045 0.00243484481704
0.871760227315 0.00244775667937
